    
Shahjalal University of Science & Technology
    Admission Test Result 2012-2013
B & B1 Unit Quota (Disabled) - Merit List
Exam Roll Position
51933 5
81318 7
81758 8
83523 2
83692 3
95957 6
96565 4
97449 1
1 of 1
    
Shahjalal University of Science & Technology
    Admission Test Result 2012-2013
B & B1 Unit Quota (Disabled) - Waiting List
Exam Roll Position
50859 12
51899 4
52164 6
52585 15
52594 3
81532 8
82028 7
84303 14
86972 1
87981 11
92610 10
94485 13
94639 5
94931 9
96769 2
1 of 1
    
Shahjalal University of Science & Technology
    Admission Test Result 2012-2013
B & B1 Unit Quota (Freedom Fighter) - Merit List
Exam Roll Position
51307 9
51449 8
52015 6
80325 11
84129 14
85831 1
87328 5
88528 7
90346 14
90491 16
90719 16
91181 4
93276 3
93501 10
93882 13
94339 2
95092 12
1 of 1
    
Shahjalal University of Science & Technology
    Admission Test Result 2012-2013
B & B1 Unit Quota (Freedom Fighter) - Waiting List
Exam Roll Position
50058 23
50108 38
50518 14
50590 45
51591 7
51930 34
52722 13
52844 31
53035 38
53331 20
53967 14
80587 47
81005 9
81231 21
81688 47
82140 47
82178 19
82197 1
82316 2
82461 21
82545 2
83406 9
84293 41
84470 31
84871 16
85512 34
85642 43
86528 41
86612 36
87991 47
88369 24
88668 24
89015 12
89629 7
90240 37
90343 38
90918 28
91528 5
91748 44
91925 5
92114 2
92289 46
92352 47
92696 11
Exam Roll Position
93321 47
94386 17
94457 24
95872 28
96141 17
96638 31
96823 27
97374 28
1 of 1
    
Shahjalal University of Science & Technology
    Admission Test Result 2012-2013
B & B1 Unit Quota (Indigenous) - Merit List
Exam Roll Position
51627 12
52132 7
53909 10
80420 3
80588 2
80594 5
82769 9
82897 6
84287 8
87223 4
88269 1
90574 12
93427 15
93491 11
95761 16
96524 12
1 of 1
    
Shahjalal University of Science & Technology
    Admission Test Result 2012-2013
B & B1 Unit Quota (Indigenous) - Waiting List
Exam Roll Position
50771 2
51059 44
51836 9
51855 6
51856 27
51901 12
51976 37
52182 13
52462 36
52519 3
52619 37
80027 22
80667 43
80944 11
82498 1
83067 26
83672 30
84073 42
84277 18
84289 22
84869 28
85466 14
85747 48
86274 8
86655 45
86850 16
88092 4
88283 5
88381 19
88417 31
88698 19
89076 47
89750 29
90028 41
90506 15
90746 35
91215 32
91314 32
91553 37
91585 10
93260 32
93264 17
93404 37
93417 22
Exam Roll Position
93540 19
94539 25
94805 6
97457 45
1 of 1
    
Shahjalal University of Science & Technology
    Admission Test Result 2012-2013
B & B1 Unit Science & Applied Sciences - Merit List
Exam Roll Position
50016 583
50018 403
50023 275
50099 246
50116 32
50190 28
50199 403
50211 380
50236 1
50272 741
50319 246
50400 623
50410 403
50454 185
50474 115
50543 76
50553 554
50574 246
50576 403
50593 307
50605 177
50648 275
50664 743
50766 290
50791 63
50801 666
50844 706
50855 526
50892 225
50906 383
50925 115
50938 307
50975 165
50980 146
50982 430
51030 743
51090 666
51100 706
51103 504
51107 477
51179 743
51193 583
51206 403
51307 554
Exam Roll Position
51336 45
51346 202
51356 430
51369 550
51372 330
51436 706
51449 504
51474 583
51541 361
51544 246
51553 666
51588 383
51609 225
51614 84
51617 429
51620 149
51649 666
51672 98
51697 743
51699 477
51707 307
51716 655
51815 430
51828 149
51848 554
51861 54
51905 361
51924 213
51939 69
51988 583
51999 623
52003 35
52015 403
52024 76
52028 89
52047 290
52051 177
52084 45
52093 60
52142 134
52192 430
52221 261
52273 504
52286 666
Exam Roll Position
52292 548
52300 666
52310 504
52385 177
52420 583
52436 706
52451 430
52483 662
52489 344
52498 149
52566 736
52602 26
52731 307
52732 583
52760 165
52799 361
52830 18
52848 381
53093 623
53199 261
53263 666
53279 501
53292 656
53309 583
53339 743
53445 504
53496 149
53542 741
53564 165
53593 477
53608 383
53705 583
53782 134
53800 743
53802 202
53822 275
53868 290
53869 202
53961 743
54020 737
54241 361
80004 383
80016 623
80020 619
Exam Roll Position
80078 706
80087 706
80091 703
80096 504
80136 554
80149 666
80167 706
80200 344
80211 623
80231 40
80238 344
80243 526
80245 98
80252 430
80254 20
80255 98
80257 383
80261 403
80280 403
80300 244
80325 583
80332 477
80337 200
80360 134
80361 430
80372 149
80373 261
80383 522
80395 14
80415 98
80419 213
80446 623
80447 402
80450 666
80452 361
80461 76
80466 225
80478 202
80499 503
80507 89
80510 65
80521 583
80524 526
80573 128
1 of 5
    
Shahjalal University of Science & Technology
    Admission Test Result 2012-2013
B & B1 Unit Science & Applied Sciences - Merit List
Exam Roll Position
80579 134
80588 706
80589 623
80611 430
80640 583
80691 360
80702 666
80726 134
80731 185
80739 525
80753 185
80761 383
80772 185
80816 656
80833 554
80865 7
80910 307
80955 40
80969 202
80985 583
81004 526
81006 706
81034 261
81047 165
81054 165
81065 149
81071 477
81074 65
81079 290
81120 128
81135 36
81144 61
81150 666
81197 743
81203 743
81205 477
81298 504
81410 165
81419 554
81465 128
81484 583
81504 706
81531 30
81564 477
Exam Roll Position
81606 20
81631 743
81634 583
81636 32
81731 554
81748 246
81812 705
81823 403
81826 14
81897 213
81978 307
82036 430
82102 526
82110 2
82161 500
82164 330
82184 63
82189 554
82286 109
82295 98
82306 383
82307 275
82317 477
82323 743
82324 40
82345 275
82451 84
82453 583
82497 461
82523 290
82550 706
82551 201
82561 128
82562 115
82566 84
82576 261
82583 524
82584 430
82593 225
82595 80
82625 3
82630 330
82659 743
82668 743
Exam Roll Position
82698 307
82726 583
82753 7
82767 62
82781 225
82792 54
82810 44
82812 134
82822 75
82842 330
82862 523
82971 623
82983 502
83003 202
83036 134
83063 654
83086 4
83123 526
83132 403
83142 149
83174 623
83199 343
83226 666
83282 550
83415 666
83426 54
83430 430
83446 185
83451 554
83483 583
83504 176
83510 185
83512 361
83540 275
83541 342
83550 289
83555 554
83564 477
83573 583
83636 666
83654 400
83664 330
83667 38
83674 583
Exam Roll Position
83675 30
83695 54
83697 213
83705 225
83722 666
83737 50
83747 290
83784 477
83829 22
83874 461
83877 165
83883 54
83887 290
83893 583
83940 330
83946 165
83955 49
83956 504
83960 9
83970 666
83975 666
84001 383
84015 307
84024 225
84046 28
84063 666
84080 307
84109 330
84129 706
84173 706
84187 225
84194 430
84195 430
84337 430
84435 261
84438 623
84449 403
84451 109
84452 307
84464 344
84465 165
84471 666
84490 526
84515 621
2 of 5
    
Shahjalal University of Science & Technology
    Admission Test Result 2012-2013
B & B1 Unit Science & Applied Sciences - Merit List
Exam Roll Position
84532 623
84587 290
84664 403
84671 554
84682 430
84703 361
84707 426
84714 127
84715 18
84726 430
84795 383
84807 430
84822 383
84828 89
84847 706
84853 554
84891 622
84902 666
84927 361
84931 177
84963 526
84976 706
84982 623
84997 554
85009 383
85014 526
85023 149
85099 69
85134 134
85162 477
85209 383
85230 50
85307 666
85334 14
85339 526
85350 739
85357 427
85360 24
85374 361
85388 109
85390 45
85414 37
85460 583
85475 554
Exam Roll Position
85489 477
85524 246
85598 461
85617 199
85670 658
85680 403
85706 706
85762 477
85829 213
85831 65
85933 344
85963 706
85969 261
86008 743
86010 526
86031 14
86079 666
86082 106
86085 225
86093 213
86095 275
86127 115
86168 477
86170 400
86183 134
86186 134
86207 361
86220 202
86221 430
86240 128
86247 526
86286 261
86308 583
86351 623
86411 76
86415 225
86421 344
86432 50
86442 383
86466 666
86477 225
86492 122
86504 202
86505 122
Exam Roll Position
86511 623
86531 623
86548 383
86591 329
86593 202
86617 461
86619 583
86677 461
86689 109
86720 40
86722 504
86744 84
86751 583
86805 290
86816 554
86827 11
86847 246
86861 477
86883 344
86885 623
86892 225
86915 743
86935 623
86961 403
86967 430
87069 461
87101 290
87175 361
87232 623
87264 225
87326 344
87327 246
87328 307
87342 476
87352 225
87358 275
87462 213
87489 290
87492 165
87545 403
87550 6
87568 106
87581 225
87584 80
Exam Roll Position
87589 290
87628 330
87668 361
87686 69
87740 583
87764 743
87776 382
87823 623
87856 623
87874 80
87886 743
87889 623
87903 554
87918 623
88026 460
88052 98
88081 666
88138 430
88147 359
88185 403
88219 583
88243 666
88262 149
88269 504
88348 246
88367 403
88401 361
88441 403
88510 245
88528 477
88605 403
88678 623
88702 50
88750 122
88779 743
88833 26
88839 666
88929 149
88940 275
88971 361
89150 504
89176 246
89179 554
89205 383
3 of 5
    
Shahjalal University of Science & Technology
    Admission Test Result 2012-2013
B & B1 Unit Science & Applied Sciences - Merit List
Exam Roll Position
89220 504
89243 430
89329 526
89350 526
89409 261
89470 307
89486 520
89600 185
89702 290
89703 69
89734 583
89788 306
89826 461
90005 623
90006 666
90011 623
90046 704
90073 504
90076 177
90101 583
90111 275
90166 164
90182 461
90215 361
90223 427
90229 461
90337 477
90340 383
90346 706
90387 706
90419 4
90438 430
90491 743
90503 403
90514 521
90517 743
90520 743
90532 706
90539 89
90543 225
90549 261
90550 430
90565 307
90617 213
Exam Roll Position
90705 582
90719 743
90728 54
90791 743
90806 554
90816 330
90822 88
90847 344
90854 109
90890 461
90899 743
90930 361
90947 177
90955 22
90979 202
90993 477
90996 185
91080 547
91174 307
91181 246
91216 403
91238 109
91250 185
91253 583
91290 706
91291 706
91292 24
91340 106
91345 147
91363 430
91368 307
91388 739
91426 583
91429 743
91444 706
91464 307
91497 430
91549 583
91550 477
91588 706
91626 89
91719 45
91772 666
91794 549
Exam Roll Position
91962 307
91977 403
91998 185
92005 554
92044 477
92064 213
92082 477
92144 177
92176 666
92187 623
92207 261
92213 185
92249 743
92282 526
92335 666
92353 743
92354 98
92371 344
92439 213
92446 430
92449 185
92478 344
92490 619
92508 583
92524 702
92526 361
92542 89
92548 554
92569 275
92571 275
92614 69
92619 526
92625 185
92659 623
92678 383
92695 149
92714 202
92743 504
92786 307
92869 361
92889 344
92999 246
93096 666
93122 89
Exam Roll Position
93176 743
93225 743
93276 148
93279 10
93354 743
93462 552
93501 580
93511 706
93513 430
93562 461
93638 225
93643 665
93680 122
93700 330
93795 149
93882 666
93908 526
93909 623
93931 115
93933 504
94030 80
94052 89
94085 149
94086 554
94088 330
94141 554
94166 526
94178 69
94287 583
94339 134
94368 149
94409 89
94430 706
94439 554
94440 246
94543 660
94550 177
94623 32
94663 661
94664 477
94689 477
94823 344
94914 706
94916 11
4 of 5
    
Shahjalal University of Science & Technology
    Admission Test Result 2012-2013
B & B1 Unit Science & Applied Sciences - Merit List
Exam Roll Position
94950 275
94991 666
95000 290
95092 659
95097 307
95144 307
95251 307
95323 706
95402 330
95509 290
95546 261
95569 663
95581 743
95592 11
95607 583
95659 128
95677 163
95703 623
95715 583
95718 246
95722 38
95807 706
95835 553
95841 743
95844 526
95991 461
95993 526
96042 430
96061 290
96062 225
96064 461
96097 461
96176 623
96225 246
96240 213
96244 461
96256 134
96261 666
96273 581
96310 526
96335 344
96343 706
96403 213
96415 554
Exam Roll Position
96585 68
96654 344
96668 361
96676 403
96689 583
96692 743
96703 165
96742 115
96759 738
96760 430
96810 275
96811 666
96849 623
97009 504
97043 664
97044 98
97092 666
97134 185
97140 743
97176 261
97197 122
97218 225
97267 430
97277 554
97371 261
97521 554
97559 307
97620 121
5 of 5
    
Shahjalal University of Science & Technology
    Admission Test Result 2012-2013
B & B1 Unit Science & Applied Sciences - Waiting List
Exam Roll Position
50020 604
50051 1945
50058 1221
50062 1470
50066 285
50075 1667
50088 532
50090 335
50102 435
50103 1945
50108 1667
50110 726
50114 1831
50117 2201
50124 1478
50126 437
50136 1478
50139 1478
50150 9
50184 1067
50185 1762
50207 79
50208 227
50229 1667
50231 657
50233 670
50243 726
50268 1945
50281 1460
50284 924
50294 1945
50300 285
50318 1393
50329 471
50371 862
50382 670
50415 2198
50425 1310
50434 1565
50464 285
50485 604
50489 1393
50508 1059
50515 1202
Exam Roll Position
50518 670
50552 532
50557 227
50583 1208
50587 480
50588 1762
50590 1945
50603 335
50607 480
50618 2075
50620 1478
50632 9
50633 1945
50667 437
50671 227
50702 42
50705 780
50715 2038
50748 1473
50764 1310
50781 1930
50786 999
50796 532
50807 1945
50817 2201
50822 1917
50823 670
50827 1310
50857 330
50880 924
50893 1473
50898 1752
50951 860
50954 1667
50962 1067
50970 1067
50996 1132
51016 1466
51032 1565
51035 1225
51052 1224
51060 1310
51064 155
51122 1285
Exam Roll Position
51164 227
51166 1667
51167 924
51176 384
51181 437
51189 42
51195 79
51200 480
51204 1646
51208 784
51218 2075
51220 2075
51221 1143
51222 1310
51227 1393
51238 384
51257 1131
51260 999
51267 1225
51274 437
51280 661
51287 726
51303 1762
51320 1762
51326 1067
51330 480
51334 161
51348 1667
51361 1945
51362 2201
51364 1478
51397 1762
51407 1565
51428 2281
51451 1667
51457 784
51471 227
51494 1310
51505 1143
51512 726
51522 784
51539 670
51545 437
51567 1478
Exam Roll Position
51577 1856
51587 161
51591 161
51619 784
51629 853
51638 1067
51641 1667
51642 1762
51666 1225
51686 670
51702 1310
51708 1478
51709 161
51711 1143
51717 375
51737 1945
51741 127
51748 1945
51750 726
51764 726
51767 2042
51795 1935
51799 1225
51814 1945
51818 1067
51826 1555
51832 1067
51834 1662
51837 480
51876 1944
51888 604
51904 862
51909 1667
51914 1379
51930 1565
51950 924
51972 429
51987 1310
51995 1225
52001 1565
52042 1831
52043 227
52048 1225
52074 2289
1 of 14
    
Shahjalal University of Science & Technology
    Admission Test Result 2012-2013
B & B1 Unit Science & Applied Sciences - Waiting List
Exam Roll Position
52103 480
52115 1919
52123 1393
52127 1067
52131 604
52132 1393
52145 1478
52154 384
52165 862
52167 335
52171 1930
52174 2075
52178 2294
52191 2167
52205 784
52210 1762
52220 9
52227 1478
52232 2075
52254 161
52257 1066
52266 1667
52267 1393
52290 1945
52297 784
52301 2075
52303 1300
52318 604
52325 1393
52343 924
52355 227
52358 9
52361 1762
52371 1478
52392 1945
52411 1856
52424 532
52431 1762
52453 862
52466 475
52501 2075
52510 999
52511 1067
52516 1836
Exam Roll Position
52540 999
52576 784
52583 1667
52610 604
52611 670
52612 1565
52615 670
52621 1225
52629 1945
52639 532
52652 42
52665 2075
52668 532
52722 604
52761 1143
52779 1667
52823 127
52837 2192
52844 1478
52864 1927
52879 161
52887 1310
52897 1202
52905 1292
52923 1667
52933 1762
52952 227
52959 437
52975 1225
52979 1846
52987 1478
52989 1565
52992 670
52996 480
53012 157
53025 1143
53029 1310
53030 999
53035 1667
53043 1646
53055 474
53059 1925
53061 1393
53063 924
Exam Roll Position
53071 224
53081 1225
53088 127
53100 1297
53106 1565
53109 1057
53122 1143
53140 1052
53151 2294
53172 1849
53185 1143
53209 161
53210 1945
53216 2201
53229 1143
53235 1386
53243 427
53256 2075
53261 1225
53276 1143
53288 604
53294 530
53297 532
53319 227
53320 161
53331 1067
53334 661
53336 2068
53340 79
53344 1565
53399 1393
53402 9
53417 42
53419 1225
53451 1856
53485 384
53491 1919
53492 924
53499 920
53510 1225
53521 2201
53535 384
53544 847
53545 1310
Exam Roll Position
53572 670
53579 784
53584 1478
53592 1758
53601 784
53615 2075
53621 670
53631 1565
53638 2075
53657 784
53659 1478
53686 2075
53711 79
53712 603
53713 384
53719 726
53762 1762
53768 784
53776 1945
53779 1478
53780 1218
53828 480
53829 666
53853 1393
53859 1658
53864 721
53866 1667
53872 79
53896 1393
53904 1461
53916 784
53918 2075
53920 9
53923 1377
53928 532
53938 2054
53957 784
53962 924
53967 670
53970 1225
53971 2294
53978 1757
53994 1563
53995 604
2 of 14
    
Shahjalal University of Science & Technology
    Admission Test Result 2012-2013
B & B1 Unit Science & Applied Sciences - Waiting List
Exam Roll Position
54002 1067
54015 1565
54037 2289
54089 285
54149 604
54150 2201
54159 1856
54163 39
54173 784
54193 924
54245 1378
54249 1856
80003 1856
80014 604
80022 285
80029 1393
80034 1064
80046 1478
80048 2074
80073 532
80085 1839
80093 1759
80098 784
80099 1310
80103 999
80105 480
80106 2069
80113 127
80122 1310
80127 604
80133 2201
80140 1945
80156 924
80159 1478
80164 862
80172 335
80177 384
80180 437
80181 999
80188 2201
80196 2201
80197 122
80224 1762
80226 1467
Exam Roll Position
80234 532
80276 1143
80285 1310
80288 532
80289 1478
80295 1067
80306 2075
80307 1839
80313 127
80318 127
80326 227
80341 161
80348 862
80356 2075
80363 1945
80368 1059
80369 335
80370 1565
80384 480
80386 1067
80387 1067
80399 480
80401 1310
80402 1762
80408 9
80420 384
80428 1945
80445 604
80457 1310
80460 784
80469 670
80471 924
80473 1667
80498 916
80509 604
80511 161
80512 1143
80516 1067
80520 2075
80530 924
80557 1945
80558 1143
80567 161
80575 1067
Exam Roll Position
80577 437
80587 2075
80594 1067
80606 1667
80607 1478
80616 524
80618 1225
80649 2075
80655 1667
80685 335
80710 604
80717 38
80748 125
80751 1667
80756 604
80776 999
80777 1667
80779 1945
80786 1762
80798 2069
80804 1667
80821 1565
80831 1310
80834 1548
80841 1667
80863 862
80869 778
80872 532
80885 604
80902 1653
80903 335
80912 227
80913 1067
80915 604
80924 480
80931 1067
80935 1393
80940 1667
80942 479
80946 333
80956 1762
80959 335
80970 784
80972 1945
Exam Roll Position
80981 854
80997 161
81005 227
81007 79
81008 384
81012 9
81014 2075
81016 384
81024 2075
81025 986
81027 42
81032 784
81039 1667
81042 437
81067 227
81084 924
81094 1225
81105 1565
81107 604
81109 285
81112 924
81116 2201
81119 1067
81128 726
81131 862
81139 1143
81151 659
81152 858
81160 1652
81162 1666
81164 2294
81168 269
81175 532
81176 1657
81186 670
81196 1762
81200 437
81206 324
81231 1143
81243 862
81247 1839
81257 437
81261 1393
81267 1225
3 of 14
    
Shahjalal University of Science & Technology
    Admission Test Result 2012-2013
B & B1 Unit Science & Applied Sciences - Waiting List
Exam Roll Position
81271 161
81272 531
81276 1856
81280 1945
81305 161
81307 1393
81313 532
81315 604
81328 848
81332 1478
81336 79
81342 227
81348 1945
81360 1393
81363 1225
81381 1067
81384 161
81389 1565
81391 2294
81401 1565
81404 848
81406 2075
81430 532
81443 1945
81449 127
81461 1143
81474 1478
81489 1137
81494 1762
81496 2201
81498 327
81518 1945
81521 1143
81525 999
81535 437
81548 999
81569 1393
81570 924
81578 42
81583 726
81598 784
81609 1565
81622 1382
81628 2075
Exam Roll Position
81656 9
81679 475
81688 2075
81690 526
81713 670
81716 2075
81718 1762
81742 1211
81743 380
81752 285
81760 924
81765 1667
81766 1141
81774 1143
81782 726
81793 2277
81798 1310
81801 478
81810 1310
81831 1667
81833 1310
81837 2075
81853 532
81865 784
81872 1205
81878 437
81893 1225
81895 1067
81907 2199
81916 1285
81919 42
81927 1945
81935 784
81949 2201
81950 1856
81951 989
81965 1762
81974 532
81975 991
81977 1761
81987 1067
81993 1143
82012 2281
82020 604
Exam Roll Position
82021 1225
82029 862
82032 1762
82034 1565
82039 277
82042 2201
82059 285
82079 862
82083 1856
82089 1856
82100 1462
82111 2075
82127 437
82140 2075
82150 480
82154 1854
82155 1393
82156 1565
82157 784
82167 924
82177 2201
82178 999
82188 1142
82197 78
82202 2075
82217 862
82221 2201
82245 1762
82246 604
82271 1143
82278 1638
82294 2201
82309 161
82316 79
82341 2066
82342 9
82346 79
82358 1067
82364 532
82365 2168
82380 2201
82391 1310
82396 599
82400 784
Exam Roll Position
82403 285
82410 604
82421 1225
82425 2075
82428 2037
82435 1225
82442 1945
82447 670
82461 1143
82466 532
82476 604
82483 784
82486 1124
82502 924
82511 1945
82513 42
82530 2075
82533 161
82538 161
82544 862
82545 79
82549 532
82552 335
82575 999
82578 1225
82579 999
82580 161
82585 999
82586 1565
82590 1225
82605 1143
82610 1945
82617 1928
82618 42
82623 1143
82626 384
82640 1856
82653 1478
82661 726
82662 784
82665 1856
82682 670
82694 285
82702 2201
4 of 14
    
Shahjalal University of Science & Technology
    Admission Test Result 2012-2013
B & B1 Unit Science & Applied Sciences - Waiting List
Exam Roll Position
82739 2201
82745 1225
82746 1478
82747 532
82756 1856
82769 1762
82806 79
82827 604
82834 1225
82837 1762
82838 127
82839 1139
82841 600
82880 1945
82896 2173
82897 1310
82900 1478
82908 924
82912 9
82916 1143
82917 1945
82923 335
82925 532
82927 285
82930 1926
82944 161
82945 335
82960 1478
82965 1225
82969 1207
82981 532
82984 381
82995 1667
83019 862
83020 2201
83027 161
83032 127
83041 1565
83043 1945
83057 1945
83082 726
83087 1067
83101 2287
83130 335
Exam Roll Position
83137 1143
83144 1067
83145 1211
83154 1478
83168 1307
83176 1310
83177 271
83188 1393
83189 1945
83193 1945
83200 604
83203 127
83207 1393
83212 280
83215 1945
83216 1846
83229 1478
83242 2201
83244 719
83285 1310
83295 1310
83296 384
83315 1225
83324 161
83364 2201
83367 161
83374 1667
83381 1856
83386 42
83395 726
83406 227
83407 437
83411 1225
83416 1646
83419 9
83423 374
83425 2071
83438 2201
83448 999
83457 1143
83459 285
83471 924
83474 9
83489 1310
Exam Roll Position
83498 335
83499 285
83500 2177
83503 384
83523 1220
83525 996
83530 1945
83534 335
83551 999
83559 1302
83570 1945
83574 1762
83578 326
83580 437
83583 1565
83619 1478
83622 670
83639 2075
83642 852
83646 79
83650 1667
83660 42
83662 9
83687 285
83704 1856
83713 999
83716 384
83717 1310
83718 1393
83725 227
83729 726
83738 924
83743 2188
83745 1667
83752 1762
83763 331
83775 480
83790 1945
83800 1067
83802 1667
83810 1225
83822 213
83832 2275
83839 2075
Exam Roll Position
83859 1565
83872 1945
83880 227
83881 1385
83891 42
83892 225
83912 1310
83928 335
83971 2177
83976 79
83982 1393
83985 42
83986 721
83996 862
83997 277
84005 999
84006 127
84019 2075
84026 1067
84027 2075
84029 1856
84030 532
84031 285
84052 1856
84074 1393
84090 1945
84091 1565
84103 2075
84106 1310
84113 2075
84124 1054
84128 1393
84131 1565
84150 220
84152 384
84153 285
84160 1208
84165 2075
84167 726
84171 335
84204 604
84207 473
84215 2075
84221 1225
5 of 14
    
Shahjalal University of Science & Technology
    Admission Test Result 2012-2013
B & B1 Unit Science & Applied Sciences - Waiting List
Exam Roll Position
84224 1478
84238 2075
84240 1310
84255 1310
84263 1565
84266 161
84270 604
84282 670
84284 726
84287 1667
84292 999
84293 1762
84320 1945
84321 2201
84325 384
84327 726
84331 2054
84339 384
84342 670
84346 1478
84350 2201
84363 1225
84369 1143
84372 1945
84387 1667
84397 532
84401 1310
84409 1667
84422 1667
84426 1310
84431 1067
84442 1211
84450 1667
84454 1667
84456 1941
84470 1478
84496 862
84503 726
84504 480
84516 437
84517 127
84525 127
84526 1667
84528 9
Exam Roll Position
84537 384
84543 670
84554 784
84559 227
84563 862
84565 1762
84570 726
84571 285
84574 1393
84592 1310
84602 532
84605 1667
84607 528
84615 227
84628 1469
84629 1945
84634 271
84635 2075
84645 532
84647 5
84666 1555
84681 924
84710 1565
84713 285
84717 1393
84721 160
84724 1225
84734 1667
84738 604
84739 1945
84746 74
84753 1478
84771 127
84772 1302
84776 1748
84778 227
84802 335
84805 726
84812 227
84820 1762
84829 227
84835 784
84858 2201
84868 1762
Exam Roll Position
84871 726
84879 285
84895 1667
84898 2177
84910 1667
84920 1762
84922 227
84924 127
84932 1393
84940 285
84946 480
84947 285
84950 1310
84951 1667
84961 1646
84981 161
84991 2188
84994 42
85072 1067
85080 79
85088 1310
85116 1306
85130 924
85138 604
85149 1478
85152 384
85166 989
85183 604
85189 1393
85194 1310
85199 1945
85200 848
85201 2075
85205 862
85228 1393
85262 1856
85272 437
85277 1565
85320 1856
85323 1856
85326 1478
85327 1393
85332 1559
85337 1143
Exam Roll Position
85341 79
85346 1067
85359 9
85361 127
85373 1762
85385 2075
85392 2075
85403 9
85425 1473
85439 726
85446 1310
85451 670
85464 437
85470 1477
85473 227
85481 916
85488 1667
85493 437
85496 1856
85503 1762
85505 2201
85512 1565
85523 2201
85596 2038
85601 227
85625 1762
85627 862
85633 784
85642 1856
85643 995
85652 924
85655 670
85665 726
85667 480
85672 9
85682 271
85683 161
85688 285
85703 1762
85709 1478
85717 285
85719 924
85720 161
85726 922
6 of 14
    
Shahjalal University of Science & Technology
    Admission Test Result 2012-2013
B & B1 Unit Science & Applied Sciences - Waiting List
Exam Roll Position
85729 216
85733 726
85736 437
85739 1667
85748 285
85754 604
85777 526
85779 1762
85813 1667
85817 1762
85860 1565
85861 1634
85875 1662
85896 924
85897 1310
85902 285
85908 1937
85914 1302
85956 1762
85966 1667
85972 999
85978 779
85983 1478
85992 862
86012 2187
86029 1478
86035 2075
86048 784
86050 924
86062 862
86077 2075
86094 1856
86111 2075
86116 42
86120 1393
86129 1750
86135 384
86145 670
86147 780
86149 79
86172 79
86193 1478
86194 335
86195 2201
Exam Roll Position
86206 2201
86212 161
86223 2192
86232 1945
86236 726
86281 784
86316 862
86324 1390
86330 1538
86350 220
86374 285
86377 384
86379 719
86382 1945
86390 285
86409 1945
86437 862
86439 1393
86443 335
86448 227
86456 1762
86473 2277
86487 1565
86495 1067
86509 2075
86510 1762
86528 1762
86540 1945
86544 384
86549 1856
86580 1667
86581 604
86588 1658
86592 1393
86597 726
86598 1393
86603 726
86608 1384
86611 1393
86612 1646
86624 2042
86628 1221
86636 384
86641 2042
Exam Roll Position
86666 2075
86681 1856
86688 1223
86700 1478
86705 2273
86707 1945
86711 1919
86714 285
86716 227
86726 2075
86742 725
86745 1067
86747 1565
86748 999
86750 1557
86760 2
86764 924
86768 2192
86771 161
86772 227
86773 2075
86778 991
86785 862
86792 1310
86801 1945
86804 124
86806 670
86810 1143
86830 1762
86831 480
86838 726
86849 335
86852 1067
86881 1667
86894 335
86898 2075
86900 2075
86906 1940
86910 1559
86930 999
86948 1667
86975 384
86999 532
87001 1750
Exam Roll Position
87003 784
87008 1937
87017 1762
87020 1143
87023 2181
87042 1553
87043 532
87045 1856
87046 1667
87051 227
87067 2075
87075 1393
87082 1393
87088 2075
87113 2201
87117 2188
87135 384
87149 2059
87153 1638
87159 2042
87161 862
87177 2286
87204 1762
87221 924
87223 854
87231 2062
87247 285
87250 916
87280 1945
87281 1143
87282 1945
87303 532
87304 79
87305 480
87307 924
87309 1667
87313 1393
87332 2075
87333 999
87350 5
87354 79
87394 2075
87407 335
87411 862
7 of 14
    
Shahjalal University of Science & Technology
    Admission Test Result 2012-2013
B & B1 Unit Science & Applied Sciences - Waiting List
Exam Roll Position
87427 161
87443 1310
87444 1067
87453 862
87454 784
87457 854
87469 437
87484 784
87488 726
87519 437
87527 1225
87536 2201
87552 437
87557 1655
87561 862
87563 480
87577 335
87586 1855
87591 924
87594 726
87606 161
87616 1225
87617 924
87633 127
87654 2075
87664 1459
87666 524
87681 1143
87692 1945
87699 335
87700 2201
87712 79
87721 437
87722 1478
87741 161
87743 480
87744 120
87754 1310
87759 1565
87783 79
87789 1565
87802 2075
87814 126
87842 377
Exam Roll Position
87849 1565
87851 2201
87862 42
87863 42
87867 480
87871 1285
87884 2294
87914 1565
87925 1143
87926 1742
87937 2281
87938 1742
87960 670
87975 127
87979 1548
87980 670
87986 127
87991 2075
88014 227
88017 335
88018 79
88025 1143
88034 1464
88038 1667
88050 532
88053 924
88059 161
88062 924
88066 79
88072 1646
88075 999
88077 784
88084 335
88085 480
88091 472
88098 1067
88103 670
88109 9
88112 218
88118 1856
88125 1305
88133 335
88150 862
88161 1548
Exam Roll Position
88177 1295
88189 1752
88193 1945
88198 437
88216 42
88217 2201
88231 1292
88232 670
88233 2201
88237 1762
88240 1760
88274 924
88291 2075
88292 999
88300 1762
88310 1310
88312 1945
88321 783
88322 726
88327 2201
88334 604
88366 2041
88369 1225
88375 1658
88377 42
88380 2075
88384 2075
88431 2075
88453 726
88457 2201
88479 601
88487 1667
88489 1839
88496 1856
88525 999
88527 2201
88536 276
88540 227
88542 122
88549 1143
88568 604
88577 1856
88607 480
88610 2075
Exam Roll Position
88627 999
88641 784
88667 1943
88668 1225
88674 1945
88713 1762
88721 1565
88736 384
88746 1393
88751 227
88783 1143
88799 1565
88805 1945
88817 79
88821 999
88834 1565
88838 862
88862 862
88863 1762
88872 2201
88885 1143
88887 1565
88919 1762
88922 1295
88923 924
88926 384
88932 999
88933 2184
88934 79
88942 1667
88972 657
88979 378
88985 1067
88995 480
89013 1054
89015 480
89020 480
89022 999
89027 327
89028 161
89033 670
89042 1667
89043 924
89044 1839
8 of 14
    
Shahjalal University of Science & Technology
    Admission Test Result 2012-2013
B & B1 Unit Science & Applied Sciences - Waiting List
Exam Roll Position
89046 1565
89053 1565
89054 1667
89060 1310
89067 1539
89088 1467
89111 1945
89131 2170
89138 285
89149 335
89184 782
89246 1919
89267 1211
89298 1310
89301 1548
89340 1310
89351 2053
89354 532
89361 1478
89365 335
89369 2188
89377 784
89384 1762
89391 1667
89404 2201
89435 1387
89440 1393
89443 1143
89447 1762
89453 384
89479 1143
89489 924
89494 999
89512 1393
89526 924
89536 1856
89554 2201
89555 42
89556 431
89565 726
89571 121
89572 604
89623 532
89626 604
Exam Roll Position
89629 161
89631 1478
89643 2201
89646 480
89656 924
89658 1067
89728 2201
89747 1393
89770 999
89773 1945
89780 1067
89796 670
89845 1542
89868 1655
89880 1856
89896 2075
89911 991
89920 1225
89931 1667
89936 285
89955 999
89959 335
89993 2201
90014 1211
90022 532
90024 986
90037 784
90040 384
90043 723
90051 1310
90054 1945
90060 42
90072 1564
90091 1856
90094 532
90117 924
90137 161
90139 2201
90141 217
90142 79
90154 283
90181 1125
90184 2287
90197 2075
Exam Roll Position
90200 226
90207 1762
90220 1945
90221 1393
90225 924
90233 480
90239 924
90240 1664
90250 1661
90254 924
90255 1856
90263 726
90275 666
90284 1225
90286 1856
90294 1762
90299 2042
90301 784
90313 218
90323 784
90329 127
90343 1667
90351 384
90355 784
90362 924
90368 670
90369 1667
90384 1143
90388 480
90391 161
90402 161
90405 862
90409 670
90441 532
90448 1638
90464 1565
90470 1143
90474 1205
90477 1067
90485 1067
90488 1945
90513 1945
90530 2201
90535 2201
Exam Roll Position
90556 784
90578 2075
90587 277
90594 1565
90596 1310
90606 2201
90618 1565
90622 1225
90630 862
90638 670
90650 1393
90660 227
90678 1478
90680 784
90695 726
90698 285
90704 1945
90711 532
90712 161
90716 726
90727 532
90733 282
90758 477
90759 2294
90767 1565
90784 1225
90788 9
90803 1065
90805 1762
90812 1837
90826 161
90842 1945
90846 1945
90870 437
90872 1856
90877 1667
90878 670
90900 1856
90913 227
90918 1393
90921 1067
90938 384
90944 604
90949 1393
9 of 14
    
Shahjalal University of Science & Technology
    Admission Test Result 2012-2013
B & B1 Unit Science & Applied Sciences - Waiting List
Exam Roll Position
90952 1393
91013 2075
91015 1393
91026 79
91050 1545
91052 1478
91065 532
91067 227
91088 670
91101 532
91104 862
91107 669
91114 2201
91131 2075
91142 1379
91146 2201
91148 1856
91167 1135
91170 532
91173 1285
91188 1478
91189 1634
91194 1478
91217 1565
91227 1284
91239 784
91243 384
91244 1393
91252 1667
91282 79
91283 1830
91287 480
91288 275
91323 1762
91333 532
91339 1125
91359 1919
91385 480
91394 1856
91417 726
91425 9
91435 1856
91436 1565
91442 1945
Exam Roll Position
91465 655
91486 991
91493 1565
91494 1553
91512 2170
91514 1456
91528 127
91538 670
91541 79
91545 1945
91558 1067
91559 1299
91581 999
91587 1945
91595 1930
91652 924
91664 1225
91671 1645
91672 775
91701 1310
91706 9
91708 1667
91710 1752
91711 384
91718 784
91737 1143
91748 1929
91768 1456
91787 1762
91790 726
91792 1310
91793 670
91820 1945
91834 2075
91844 726
91846 161
91850 784
91853 1856
91863 2075
91866 1285
91870 862
91876 1067
91886 2075
91890 269
Exam Roll Position
91916 1393
91918 1856
91925 127
91930 670
91931 1225
91937 5
91941 480
91956 664
91959 999
91968 1642
91975 161
91997 2185
92009 862
92015 1845
92023 1856
92032 604
92078 999
92087 1762
92088 1478
92106 1748
92107 726
92110 437
92114 79
92125 212
92128 532
92136 1375
92138 1285
92150 1393
92162 2201
92168 325
92169 604
92182 862
92190 2201
92192 784
92194 42
92197 661
92210 1851
92215 1539
92226 1762
92246 2051
92247 1059
92266 784
92284 437
92287 2201
Exam Roll Position
92288 726
92289 2049
92312 2073
92321 1565
92332 532
92352 2075
92366 220
92370 726
92376 1310
92380 1942
92388 127
92393 2075
92404 1458
92410 1937
92412 1856
92413 1856
92415 532
92416 161
92436 1310
92437 384
92477 2075
92480 1067
92503 384
92511 1143
92520 480
92529 774
92539 1052
92541 127
92566 862
92592 604
92596 1393
92599 42
92616 79
92655 227
92666 2197
92672 1128
92674 335
92676 2201
92680 999
92682 2201
92688 1143
92696 335
92698 1856
92700 598
10 of 14
    
Shahjalal University of Science & Technology
    Admission Test Result 2012-2013
B & B1 Unit Science & Applied Sciences - Waiting List
Exam Roll Position
92710 1762
92711 41
92721 281
92723 1945
92733 999
92742 717
92753 79
92771 1856
92775 1478
92781 480
92789 532
92790 285
92795 1945
92821 437
92825 1478
92833 670
92847 2201
92873 1856
92888 1225
92894 1310
92895 862
92896 1310
92899 271
92900 2274
92901 1565
92924 2289
92948 532
92951 9
92957 1225
92961 1393
92984 127
93006 1945
93042 1143
93049 1565
93050 480
93059 532
93063 76
93085 158
93090 2058
93108 480
93113 79
93134 1309
93137 858
93148 532
Exam Roll Position
93149 161
93164 726
93166 1393
93180 384
93181 1462
93187 437
93227 1565
93230 2201
93233 42
93242 1565
93246 335
93270 1644
93272 604
93280 1225
93284 1478
93285 1565
93286 384
93291 1762
93299 604
93321 2075
93332 924
93333 2201
93335 1565
93345 862
93362 1382
93369 1143
93383 1134
93394 997
93398 79
93407 2201
93412 1392
93433 1067
93437 1848
93452 220
93457 1856
93472 1310
93481 1565
93512 777
93518 854
93532 915
93576 1393
93580 285
93592 1856
93599 1143
Exam Roll Position
93606 670
93615 596
93641 1478
93648 913
93662 1143
93666 2075
93674 1225
93676 1300
93687 1667
93717 161
93737 1945
93756 2185
93769 1211
93773 1762
93779 2075
93787 2075
93793 670
93794 2075
93803 924
93805 784
93812 42
93814 480
93823 73
93825 2063
93835 79
93854 429
93870 595
93886 1143
93892 3
93894 1667
93911 1143
93932 161
93936 924
93968 2175
93982 335
93984 924
93995 1292
93998 4
93999 2054
94016 375
94020 1225
94022 2036
94062 1837
94075 1945
Exam Roll Position
94078 1545
94099 923
94106 42
94129 532
94134 383
94137 437
94176 2072
94185 2066
94193 1762
94206 1667
94212 1310
94215 1137
94217 1850
94223 924
94225 2075
94228 227
94239 1067
94244 431
94247 2277
94251 2075
94255 332
94276 79
94288 1225
94290 1545
94298 2075
94304 1936
94316 1667
94340 384
94343 480
94352 999
94374 285
94377 79
94386 862
94412 532
94416 1310
94417 2065
94418 40
94422 1565
94424 726
94434 1067
94457 1225
94461 1742
94470 656
94476 1565
11 of 14
    
Shahjalal University of Science & Technology
    Admission Test Result 2012-2013
B & B1 Unit Science & Applied Sciences - Waiting List
Exam Roll Position
94483 924
94487 1389
94490 921
94502 604
94517 480
94521 2276
94532 9
94546 1565
94548 999
94559 9
94563 1393
94576 784
94584 2168
94604 1059
94607 2075
94608 924
94611 1297
94612 1067
94648 726
94666 999
94669 1851
94675 2201
94678 1762
94686 1067
94701 1058
94702 161
94722 784
94734 2063
94736 999
94745 1856
94757 1478
94758 2199
94779 532
94788 1143
94789 1565
94803 1218
94804 335
94824 862
94830 914
94831 1945
94834 335
94847 532
94850 2174
94853 213
Exam Roll Position
94855 335
94869 1478
94874 784
94884 2075
94891 127
94892 161
94899 1543
94909 227
94917 999
94919 1752
94922 1067
94923 1478
94981 2201
94982 1225
95004 665
95005 2201
95019 1945
95021 227
95025 862
95037 532
95055 1067
95068 1143
95078 384
95081 1473
95093 1051
95094 862
95102 604
95107 1930
95108 1310
95112 2075
95119 2176
95143 285
95154 924
95161 670
95164 726
95182 1930
95202 1143
95247 1135
95250 999
95277 437
95283 227
95294 999
95313 434
95321 1746
Exam Roll Position
95325 1945
95332 1470
95346 470
95349 1129
95357 2050
95371 1856
95376 604
95382 1552
95387 1762
95399 1637
95408 532
95413 924
95420 1393
95440 2281
95445 1393
95453 384
95461 988
95468 532
95472 1831
95480 2075
95488 2042
95500 79
95502 660
95513 1945
95517 1856
95519 1856
95526 999
95544 1059
95547 528
95548 1638
95564 1565
95575 1667
95583 159
95585 1210
95589 1310
95609 42
95621 862
95622 601
95639 1310
95643 2075
95648 1565
95649 215
95651 1310
95652 784
Exam Roll Position
95661 1143
95666 1558
95667 604
95668 2201
95670 999
95675 8
95679 924
95687 1310
95690 79
95692 2201
95694 1945
95706 1465
95709 1393
95712 1856
95731 723
95738 1388
95749 1856
95756 1225
95758 2289
95763 2201
95776 1831
95794 1393
95795 1478
95798 1835
95799 862
95808 2289
95819 1945
95826 285
95828 1839
95830 1310
95850 726
95866 384
95870 76
95872 1393
95878 1653
95882 1856
95890 532
95905 1665
95911 161
95917 1478
95921 924
95925 1067
95927 1856
95930 1470
12 of 14
    
Shahjalal University of Science & Technology
    Admission Test Result 2012-2013
B & B1 Unit Science & Applied Sciences - Waiting List
Exam Roll Position
95937 2192
95942 1056
95950 1565
95954 1742
95958 2042
95971 2201
95972 2052
95973 1856
95988 1945
95998 1853
96003 862
96006 604
96012 1285
96013 1211
96020 227
96032 1762
96034 1762
96053 2170
96058 670
96068 784
96073 1945
96085 1225
96086 985
96095 1127
96103 532
96112 2075
96130 532
96137 1067
96141 862
96142 1565
96147 433
96149 784
96159 1667
96165 1379
96172 1225
96184 851
96188 161
96189 2196
96194 1667
96230 480
96235 784
96260 1544
96262 1478
96266 1945
Exam Roll Position
96292 480
96305 2181
96308 2075
96328 1225
96337 924
96338 2177
96350 2201
96351 1667
96369 2054
96387 382
96389 784
96394 604
96399 42
96439 1393
96442 1856
96443 1143
96454 2201
96473 1225
96481 924
96483 532
96491 2038
96494 1565
96495 784
96507 335
96520 1
96523 916
96559 1762
96583 1143
96587 2277
96601 604
96603 1225
96605 1143
96624 9
96628 998
96638 1478
96660 1067
96679 379
96685 1143
96687 1130
96694 1565
96699 161
96706 1667
96711 1762
96714 1762
Exam Roll Position
96739 999
96744 1945
96746 285
96764 1225
96766 2201
96767 480
96768 1945
96772 1478
96773 861
96775 384
96796 784
96817 155
96821 1918
96822 668
96823 1310
96827 604
96840 480
96848 784
96850 1562
96860 999
96862 9
96868 79
96870 718
96902 1667
96909 999
96922 127
96936 784
96951 1643
96952 784
96953 862
96957 9
96968 532
96989 784
97017 1391
97020 1143
97032 384
97042 329
97045 9
97050 726
97084 1856
97109 1633
97110 2201
97123 1945
97147 1667
Exam Roll Position
97149 2060
97154 1919
97158 1225
97160 79
97177 776
97180 1225
97198 670
97203 1307
97206 72
97210 1634
97220 1478
97226 1945
97229 862
97231 999
97234 1310
97239 924
97245 1143
97288 1559
97289 862
97291 42
97292 1202
97301 428
97313 1140
97318 1539
97320 532
97325 2075
97329 435
97343 335
97350 283
97352 532
97354 227
97357 2075
97360 670
97374 1393
97407 999
97423 285
97424 2281
97425 75
97428 1746
97430 2201
97432 334
97434 597
97443 42
97449 1067
13 of 14
    
Shahjalal University of Science & Technology
    Admission Test Result 2012-2013
B & B1 Unit Science & Applied Sciences - Waiting List
Exam Roll Position
97470 1565
97476 670
97492 924
97503 2181
97505 1856
97554 127
97560 1752
97564 1376
97569 2061
97573 1133
97583 784
97761 1067
14 of 14
