    
Shahjalal University of Science & Technology
    Admission Test Result 2012-2013
A Unit Commerce - Merit List
Exam Roll Position
20208 60
20220 12
20300 3
20540 15
20616 34
20819 43
20821 61
20927 1
20931 31
21097 58
21171 43
21265 8
21851 51
21907 51
22003 65
22467 24
22531 9
22535 27
22709 15
22775 22
22833 11
22886 3
22927 34
22961 2
22992 63
22996 14
23018 15
23033 57
23113 43
23146 27
23193 61
23217 27
23351 59
23372 18
23428 24
23457 21
23494 65
23592 40
23597 34
23614 12
23634 51
23654 5
23679 31
23714 10
Exam Roll Position
23791 64
23798 50
23915 51
23998 51
24063 51
24101 20
24330 24
24424 33
24721 37
24752 47
24766 6
24921 38
24924 40
24974 18
24989 49
25086 40
25174 47
25305 43
25348 30
25396 39
25460 7
25659 22
1 of 1
    
Shahjalal University of Science & Technology
    Admission Test Result 2012-2013
A Unit Commerce - Waiting List
Exam Roll Position
20002 137
20009 25
20028 92
20110 15
20135 153
20172 105
20196 100
20206 25
20246 24
20249 195
20255 96
20287 186
20298 145
20306 66
20343 46
20352 127
20353 91
20355 46
20372 90
20386 46
20416 55
20456 94
20475 176
20517 37
20524 25
20530 160
20571 75
20617 169
20619 42
20636 81
20645 25
20652 161
20657 53
20670 46
20692 137
20743 97
20754 161
20763 132
20858 45
20889 56
20943 73
20965 137
20974 183
21007 137
Exam Roll Position
21016 25
21056 2
21062 83
21065 128
21122 129
21129 37
21145 8
21186 37
21207 56
21225 189
21266 159
21309 137
21325 111
21337 67
21468 108
21567 56
21611 25
21633 132
21685 67
21687 25
21712 173
21753 36
21832 161
21840 148
21860 67
21933 13
21950 65
21990 161
22006 175
22074 37
22111 63
22184 8
22200 183
22202 15
22245 150
22379 111
22422 185
22460 72
22505 137
22539 129
22650 151
22659 15
22681 5
22707 84
Exam Roll Position
22779 155
22789 100
22805 122
22822 100
22867 189
22872 152
22874 75
22882 64
22940 105
22943 21
22947 146
22984 92
22997 33
23012 158
23013 155
23022 97
23036 44
23077 124
23082 8
23097 121
23142 87
23151 84
23153 131
23156 137
23182 111
23183 111
23185 111
23186 148
23294 161
23307 73
23309 107
23326 154
23363 125
23392 3
23427 111
23446 170
23448 177
23483 100
23488 70
23541 80
23584 22
23681 7
23781 51
23939 181
Exam Roll Position
23950 23
23952 54
23977 35
24007 94
24105 75
24108 51
24141 189
24169 15
24202 37
24241 161
24255 43
24266 137
24294 182
24305 25
24314 75
24332 155
24370 1
24371 33
24426 168
24431 56
24435 15
24438 123
24446 170
24463 12
24466 132
24478 99
24497 111
24547 189
24577 56
24586 56
24647 172
24676 174
24705 14
24729 189
24786 194
24826 111
24837 177
24964 3
24993 6
24999 111
25072 125
25091 82
25112 89
25128 186
1 of 2
    
Shahjalal University of Science & Technology
    Admission Test Result 2012-2013
A Unit Commerce - Waiting List
Exam Roll Position
25194 136
25345 56
25357 15
25416 111
25426 75
25440 84
25452 8
25496 177
25502 109
25514 46
25538 147
25559 177
25560 161
25571 100
25604 188
25613 88
25619 135
25649 70
25739 110
2 of 2
    
Shahjalal University of Science & Technology
    Admission Test Result 2012-2013
A Unit Quota (Disabled) - Merit List
Exam Roll Position
12048 1
14345 4
22882 2
32336 5
35193 3
1 of 1
    
Shahjalal University of Science & Technology
    Admission Test Result 2012-2013
A Unit Quota (Disabled) - Waiting List
Exam Roll Position
10335 6
10859 5
10889 1
21576 15
22685 14
24743 3
25215 7
30351 9
32303 11
32603 10
33815 2
34693 8
35976 13
36971 4
37178 12
1 of 1
    
Shahjalal University of Science & Technology
    Admission Test Result 2012-2013
A Unit Quota (Freedom Fighter) - Merit List
Exam Roll Position
10022 6
11117 8
11688 6
13894 3
14870 1
15688 4
22882 9
23654 2
24424 5
1 of 1
    
Shahjalal University of Science & Technology
    Admission Test Result 2012-2013
A Unit Quota (Freedom Fighter) - Waiting List
Exam Roll Position
10110 24
10385 11
10563 15
10589 13
10775 16
10905 26
11106 3
11110 27
11405 4
12632 17
12893 10
12903 19
12994 22
13148 1
13713 2
15343 6
15431 12
20641 25
21241 21
21840 7
22300 14
22379 5
23785 23
25016 18
25244 20
30984 9
36242 8
1 of 1
    
Shahjalal University of Science & Technology
    Admission Test Result 2012-2013
A Unit Humanities - Merit List
Exam Roll Position
30027 170
30035 89
30057 151
30083 152
30099 9
30104 97
30216 75
30221 163
30236 54
30252 293
30273 273
30274 278
30275 153
30305 49
30306 6
30314 66
30342 141
30348 214
30359 116
30385 14
30389 85
30420 33
30451 120
30500 199
30542 266
30565 206
30622 102
30639 4
30674 269
30687 2
30703 72
30734 1
30821 123
30851 148
30902 39
30905 62
30944 30
30984 140
31009 76
31050 238
31070 159
31077 23
31133 112
31146 279
Exam Roll Position
31161 15
31168 37
31178 98
31196 72
31217 54
31227 116
31234 65
31260 157
31280 51
31306 238
31307 270
31331 173
31333 38
31352 225
31355 158
31362 59
31368 303
31374 163
31444 54
31464 216
31466 133
31513 137
31540 302
31552 17
31601 213
31613 123
31620 256
31633 189
31635 203
31701 250
31728 190
31757 153
31791 71
31793 54
31810 251
31859 146
31862 279
31905 110
31964 77
31976 114
31990 41
32011 223
32026 25
32052 238
Exam Roll Position
32118 224
32154 196
32161 248
32163 256
32209 12
32253 167
32264 108
32286 46
32331 79
32354 153
32357 125
32378 177
32403 211
32413 7
32414 126
32463 300
32472 207
32498 108
32511 149
32524 135
32529 78
32609 10
32667 170
32681 104
32690 293
32708 150
32755 273
32785 96
32806 249
32850 32
32870 136
32885 127
32920 28
32982 20
32999 256
33011 74
33018 273
33084 214
33141 303
33142 114
33144 216
33178 45
33206 103
33213 128
Exam Roll Position
33237 256
33255 60
33257 181
33266 201
33271 208
33282 143
33295 176
33335 121
33372 41
33374 79
33426 209
33439 264
33475 256
33481 87
33522 49
33545 89
33574 99
33585 222
33594 184
33643 268
33711 267
33731 287
33735 26
33740 141
33758 100
33799 13
33824 186
33874 40
33924 205
34012 128
34035 290
34037 251
34047 161
34053 277
34066 183
34094 66
34101 89
34106 227
34114 237
34132 44
34157 35
34179 162
34201 289
34210 5
1 of 2
    
Shahjalal University of Science & Technology
    Admission Test Result 2012-2013
A Unit Humanities - Merit List
Exam Roll Position
34217 293
34219 153
34235 122
34249 22
34250 303
34303 293
34317 256
34328 220
34335 137
34342 79
34350 251
34353 79
34355 3
34441 118
34442 238
34455 60
34461 286
34483 27
34504 46
34507 89
34522 210
34535 52
34537 190
34542 86
34543 104
34566 48
34640 219
34655 226
34659 128
34662 119
34680 79
34718 84
34755 89
34781 30
34797 69
34800 300
34833 19
34881 190
34891 255
34903 167
34917 272
34937 297
35044 95
35047 290
Exam Roll Position
35193 298
35209 229
35258 175
35273 107
35276 247
35284 187
35309 163
35337 147
35341 246
35344 298
35388 231
35395 185
35410 200
35437 169
35446 279
35484 218
35489 238
35500 256
35531 203
35565 211
35647 270
35677 292
35694 195
35721 177
35820 173
35842 236
35858 143
35875 36
35891 265
35892 243
35933 132
35934 235
35947 21
35986 198
35994 256
36078 220
36079 53
36179 24
36242 137
36256 64
36288 29
36294 113
36305 251
36371 110
Exam Roll Position
36451 234
36474 18
36502 179
36534 279
36541 160
36581 273
36649 172
36652 104
36710 244
36716 233
36718 279
36735 7
36748 145
36813 190
36846 232
36907 288
36924 180
36941 54
36948 89
36963 201
36975 68
37003 163
37011 101
37033 34
37052 245
37056 197
37209 11
37227 134
37276 87
37284 15
37310 227
37345 182
37397 279
37434 279
37447 303
37451 230
37452 188
37458 190
37459 70
37472 43
37477 63
37566 128
2 of 2
    
Shahjalal University of Science & Technology
    Admission Test Result 2012-2013
A Unit Humanities - Waiting List
Exam Roll Position
30003 446
30014 831
30023 242
30031 848
30033 325
30043 12
30044 494
30048 5
30050 252
30051 336
30063 96
30066 701
30072 787
30075 3
30082 822
30089 473
30114 352
30121 529
30124 485
30136 196
30149 864
30152 449
30160 116
30167 250
30168 864
30174 525
30176 223
30177 912
30188 291
30189 485
30195 205
30199 809
30202 395
30206 891
30211 701
30225 831
30228 884
30239 510
30262 569
30269 888
30282 857
30288 711
30289 156
30290 442
Exam Roll Position
30291 56
30298 603
30302 311
30307 485
30309 362
30320 41
30324 744
30326 35
30330 330
30332 470
30334 566
30338 815
30340 96
30346 739
30349 385
30350 611
30354 140
30362 470
30374 793
30376 893
30377 208
30393 694
30395 208
30401 539
30404 682
30411 569
30414 25
30417 70
30439 601
30450 739
30468 458
30499 790
30503 7
30505 325
30514 405
30515 202
30523 627
30531 553
30532 503
30553 262
30563 647
30566 186
30577 126
30582 13
Exam Roll Position
30589 769
30592 171
30595 311
30598 763
30610 899
30611 871
30619 895
30632 588
30648 696
30651 345
30680 341
30682 428
30707 895
30716 116
30723 735
30730 914
30743 192
30744 869
30745 110
30747 142
30748 272
30758 844
30765 513
30768 346
30782 810
30783 630
30811 85
30818 162
30820 699
30825 536
30830 385
30844 664
30861 107
30862 199
30873 476
30876 714
30877 305
30896 158
30901 686
30906 262
30907 433
30911 597
30913 295
30914 54
Exam Roll Position
30919 385
30931 70
30934 689
30937 463
30943 226
30955 874
30961 493
30963 86
30964 827
30965 416
30976 762
30986 171
30993 526
30997 366
31000 303
31002 204
31004 311
31039 171
31041 76
31042 94
31058 676
31092 310
31097 789
31098 735
31119 63
31132 590
31135 377
31136 167
31140 161
31142 350
31143 376
31155 286
31160 413
31167 714
31173 810
31174 567
31176 186
31180 597
31193 171
31210 757
31235 593
31258 397
31261 66
31263 185
1 of 6
    
Shahjalal University of Science & Technology
    Admission Test Result 2012-2013
A Unit Humanities - Waiting List
Exam Roll Position
31266 841
31269 184
31276 643
31284 262
31287 355
31290 874
31301 90
31312 171
31314 663
31315 611
31322 106
31344 331
31358 26
31372 385
31375 129
31385 322
31388 557
31406 626
31407 770
31416 452
31419 208
31422 132
31436 413
31438 694
31446 202
31456 116
31462 229
31485 87
31501 272
31502 355
31533 527
31545 519
31597 435
31605 171
31618 686
31624 569
31638 353
31639 399
31647 562
31648 654
31673 355
31692 254
31702 160
31718 479
Exam Roll Position
31729 219
31733 272
31739 268
31743 344
31755 714
31772 831
31779 372
31782 501
31784 569
31792 722
31794 140
31797 283
31802 450
31823 825
31849 186
31868 501
31881 557
31885 142
31886 652
31887 291
31890 746
31894 507
31898 171
31906 485
31914 871
31918 853
31924 611
31926 186
31947 696
31955 569
31967 774
31968 746
31984 676
31986 751
32034 41
32058 483
32063 662
32069 910
32071 774
32074 774
32087 858
32097 900
32106 879
32122 611
Exam Roll Position
32123 765
32129 708
32136 757
32137 604
32141 171
32155 428
32175 135
32176 27
32181 394
32187 820
32193 723
32206 41
32242 847
32249 446
32258 879
32260 69
32261 500
32273 744
32274 272
32277 810
32297 283
32315 311
32318 333
32322 41
32327 664
32336 305
32338 96
32362 57
32365 569
32371 465
32380 470
32384 593
32389 351
32393 242
32397 272
32399 416
32418 256
32421 286
32424 151
32455 476
32457 824
32466 401
32490 682
32506 475
Exam Roll Position
32507 286
32514 808
32533 841
32534 569
32540 803
32542 629
32543 859
32554 416
32558 604
32567 569
32588 730
32593 15
32607 628
32611 654
32618 171
32626 604
32632 647
32643 262
32646 883
32650 497
32653 859
32672 590
32676 216
32683 785
32685 41
32702 105
32711 611
32714 647
32715 914
32731 790
32733 23
32734 799
32735 611
32745 664
32749 765
32751 467
32756 110
32767 841
32780 793
32784 90
32788 301
32793 853
32797 256
32802 732
2 of 6
    
Shahjalal University of Science & Technology
    Admission Test Result 2012-2013
A Unit Humanities - Waiting List
Exam Roll Position
32804 377
32811 198
32829 383
32830 324
32834 281
32838 348
32840 416
32843 10
32853 116
32854 562
32874 285
32889 402
32890 15
32891 116
32897 859
32899 241
32911 182
32930 142
32940 370
32949 325
32951 867
32958 888
32960 639
32964 372
32965 588
32971 831
32983 411
32997 148
32998 535
33000 746
33003 781
33010 2
33044 781
33052 458
33058 784
33083 711
33085 83
33095 633
33102 690
33111 622
33120 485
33147 70
33159 322
33174 675
Exam Roll Position
33180 652
33186 435
33194 377
33199 651
33209 660
33223 15
33225 217
33230 543
33233 569
33245 900
33274 225
33286 76
33304 267
33316 368
33318 742
33327 634
33332 79
33338 435
33350 208
33359 27
33371 529
33373 914
33376 416
33382 568
33387 431
33398 479
33399 658
33410 632
33416 647
33419 55
33431 830
33447 549
33448 70
33453 159
33454 638
33465 138
33492 519
33494 339
33495 142
33526 746
33529 199
33535 827
33536 63
33537 270
Exam Roll Position
33540 408
33541 884
33544 714
33551 424
33552 281
33553 108
33556 909
33558 442
33561 442
33575 280
33578 207
33582 272
33583 478
33590 690
33593 557
33599 485
33608 171
33617 15
33630 565
33653 412
33671 846
33672 369
33673 696
33677 519
33681 311
33682 15
33706 455
33707 701
33708 528
33743 307
33747 341
33748 623
33757 686
33762 37
33772 355
33791 466
33814 873
33815 553
33817 507
33818 251
33820 409
33838 611
33842 636
33859 849
Exam Roll Position
33860 60
33864 208
33869 539
33878 87
33894 319
33896 113
33897 467
33903 385
33904 751
33912 529
33929 543
33947 714
33948 166
33978 113
33993 415
34017 657
34026 910
34030 229
34062 426
34063 483
34071 760
34078 788
34131 171
34138 191
34143 442
34144 891
34146 503
34164 62
34168 676
34177 699
34181 639
34191 556
34208 810
34211 600
34213 126
34225 888
34233 27
34253 611
34258 850
34264 905
34265 765
34272 234
34274 425
34276 416
3 of 6
    
Shahjalal University of Science & Technology
    Admission Test Result 2012-2013
A Unit Humanities - Waiting List
Exam Roll Position
34285 377
34301 727
34306 232
34308 139
34310 428
34314 879
34323 856
34331 104
34363 643
34367 805
34373 142
34374 895
34402 338
34407 914
34417 328
34419 377
34429 227
34435 467
34443 236
34444 877
34445 286
34451 815
34463 110
34473 38
34475 771
34476 664
34493 370
34496 242
34498 248
34509 116
34524 907
34544 108
34545 41
34547 168
34550 879
34554 416
34565 674
34569 498
34575 693
34576 407
34578 593
34580 705
34587 750
34588 301
Exam Roll Position
34601 561
34605 874
34616 156
34617 134
34624 485
34625 34
34629 510
34630 751
34632 539
34654 585
34676 14
34698 772
34710 726
34714 450
34721 81
34738 815
34747 123
34749 269
34754 433
34761 862
34769 131
34770 392
34788 456
34816 30
34819 272
34821 334
34822 57
34825 543
34826 452
34827 515
34836 247
34854 375
34859 377
34862 820
34870 705
34886 827
34887 5
34901 714
34906 803
34918 462
34930 799
34932 549
34941 435
34948 311
Exam Roll Position
34978 822
34980 727
34983 831
34996 249
35000 70
35003 435
35011 514
35016 543
35027 242
35053 15
35065 734
35076 539
35079 569
35081 416
35104 714
35111 218
35129 735
35130 611
35135 552
35151 905
35152 321
35158 602
35174 135
35183 126
35196 9
35199 39
35214 774
35220 710
35237 41
35251 664
35287 79
35289 516
35298 239
35305 585
35306 587
35315 798
35316 404
35319 296
35322 57
35325 1
35334 336
35335 221
35338 529
35339 912
Exam Roll Position
35351 253
35369 32
35372 41
35378 781
35384 864
35389 70
35391 304
35399 724
35402 390
35413 432
35440 208
35451 346
35454 183
35457 682
35458 580
35463 714
35469 498
35475 886
35487 286
35491 581
35496 197
35501 339
35508 82
35521 506
35536 785
35546 51
35575 96
35577 96
35581 190
35590 53
35605 607
35613 869
35617 402
35619 348
35622 519
35628 355
35635 68
35641 793
35644 815
35659 900
35671 709
35673 7
35675 4
35683 383
4 of 6
    
Shahjalal University of Science & Technology
    Admission Test Result 2012-2013
A Unit Humanities - Waiting List
Exam Roll Position
35684 802
35711 801
35712 473
35717 311
35726 810
35731 878
35762 169
35785 390
35787 36
35789 232
35795 307
35807 152
35812 458
35819 279
35830 355
35833 582
35839 796
35853 557
35854 266
35864 831
35866 642
35886 149
35899 102
35908 731
35913 256
35925 524
35938 271
35951 597
35952 725
35955 701
35956 609
35959 852
36001 831
36003 331
36013 95
36015 129
36019 887
36034 194
36042 518
36066 482
36067 509
36072 194
36085 206
36100 307
Exam Roll Position
36101 223
36103 353
36105 364
36132 24
36133 234
36141 772
36150 427
36159 863
36163 765
36181 39
36183 543
36209 685
36216 831
36223 831
36229 646
36239 15
36240 260
36244 237
36249 867
36253 562
36265 790
36271 625
36284 329
36325 503
36330 372
36338 755
36342 162
36381 711
36383 664
36387 732
36390 914
36413 76
36416 11
36428 610
36431 162
36438 400
36442 293
36445 409
36448 894
36450 83
36454 65
36464 125
36466 396
36492 227
Exam Roll Position
36525 672
36540 774
36549 320
36564 169
36584 639
36588 113
36594 538
36615 219
36618 727
36619 90
36622 797
36647 825
36653 774
36664 900
36665 366
36687 133
36692 529
36702 406
36709 298
36719 297
36736 664
36755 152
36761 707
36769 815
36770 759
36775 192
36779 242
36783 103
36784 519
36785 672
36787 742
36788 137
36792 908
36798 162
36828 240
36832 479
36836 680
36852 52
36864 496
36867 754
36868 831
36881 90
36895 755
36899 510
Exam Roll Position
36904 624
36910 142
36912 738
36944 690
36956 261
36981 300
36982 393
37010 435
37023 680
37031 335
37035 900
37037 630
37040 634
37046 464
37048 355
37060 551
37061 608
37074 365
37084 363
37086 760
37095 150
37102 89
37107 590
37123 654
37130 41
37150 255
37152 664
37160 299
37183 155
37190 30
37192 495
37196 805
37211 851
37212 311
37214 435
37215 123
37219 739
37221 553
37228 611
37251 458
37265 643
37268 805
37270 294
37271 661
5 of 6
    
Shahjalal University of Science & Technology
    Admission Test Result 2012-2013
A Unit Humanities - Waiting List
Exam Roll Position
37275 584
37291 343
37314 593
37325 152
37328 543
37335 452
37350 611
37358 201
37359 116
37365 536
37372 845
37403 853
37411 259
37416 659
37417 33
37420 398
37432 60
37453 774
37455 914
37457 208
37463 636
37465 517
37474 231
37489 237
37511 41
37512 67
37514 763
37551 898
37560 679
37575 96
37578 446
37579 529
37591 208
37594 15
37595 485
37639 569
37717 221
37718 457
37721 582
6 of 6
    
Shahjalal University of Science & Technology
    Admission Test Result 2012-2013
A Unit Quota (Indigenous) - Merit List
Exam Roll Position
10644 4
10990 8
13043 5
13396 7
13796 2
14187 9
15445 1
20372 3
31227 6
1 of 1
    
Shahjalal University of Science & Technology
    Admission Test Result 2012-2013
A Unit Quota (Indigenous) - Waiting List
Exam Roll Position
10105 3
10840 25
11083 16
11195 20
11640 15
11644 22
12228 11
12585 8
13096 27
13767 19
13806 23
13913 18
14358 7
14651 1
14947 14
15470 4
15492 5
15703 9
20899 17
20960 10
21904 21
22300 2
22985 26
24116 6
24868 24
32175 13
36464 12
1 of 1
    
Shahjalal University of Science & Technology
    Admission Test Result 2012-2013
A Unit Science - Merit List
Exam Roll Position
10009 56
10010 87
10027 35
10049 131
10064 194
10114 42
10142 36
10147 121
10156 194
10217 80
10277 19
10285 31
10339 143
10384 215
10421 49
10445 215
10455 42
10471 202
10494 131
10512 186
10531 65
10542 3
10565 51
10595 80
10607 168
10624 142
10642 115
10664 96
10666 131
10667 202
10680 12
10682 14
10684 55
10702 202
10712 153
10745 184
10766 87
10819 110
10821 51
10844 20
10885 95
10918 38
10921 215
10923 27
Exam Roll Position
10965 145
11003 115
11024 84
11060 5
11112 71
11205 96
11216 127
11250 193
11256 96
11287 110
11298 180
11324 42
11337 168
11360 4
11367 121
11399 115
11416 71
11434 56
11537 153
11538 215
11542 115
11543 96
11559 145
11576 27
11606 16
11638 215
11691 42
11751 145
11758 131
11766 121
11782 20
11813 186
11832 87
11916 131
11955 56
11994 131
12012 37
12016 202
12021 214
12046 96
12051 215
12101 2
12139 65
12183 153
Exam Roll Position
12247 30
12374 145
12382 153
12431 1
12460 202
12502 151
12510 76
12517 31
12531 38
12554 215
12629 80
12651 8
12656 215
12683 71
12687 56
12689 186
12694 11
12696 194
12711 76
12715 84
12750 80
12785 65
12827 153
12829 168
12872 202
12918 63
12950 10
12960 62
12964 87
12967 63
13037 96
13077 8
13083 202
13122 168
13149 153
13150 65
13274 131
13366 179
13407 153
13435 131
13445 38
13455 94
13520 215
13521 168
Exam Roll Position
13534 202
13547 185
13560 215
13584 128
13648 110
13653 153
13723 121
13742 87
13777 168
13796 200
13861 186
13878 153
13894 96
13899 71
13929 86
13955 65
14013 121
14017 202
14029 87
14038 24
14071 151
14127 202
14160 186
14201 194
14205 131
14235 153
14236 96
14240 18
14258 26
14260 96
14269 121
14272 213
14279 42
14293 12
14312 96
14337 166
14361 25
14413 79
14461 130
14491 180
14503 131
14557 215
14594 129
14620 29
1 of 2
    
Shahjalal University of Science & Technology
    Admission Test Result 2012-2013
A Unit Science - Merit List
Exam Roll Position
14623 96
14637 153
14641 96
14672 110
14675 180
14701 180
14738 7
14782 145
14792 38
14794 20
14819 167
14844 145
14859 5
14870 31
14877 168
14926 120
15074 153
15079 186
15105 76
15106 23
15132 212
15138 178
15181 109
15198 65
15308 71
15339 194
15344 194
15350 56
15352 16
15353 110
15356 96
15385 15
15415 49
15418 153
15443 131
15445 42
15447 168
15483 31
15534 186
15546 168
15549 143
15559 51
15640 168
15667 56
Exam Roll Position
15684 201
15688 115
15725 93
15754 42
15796 51
2 of 2
    
Shahjalal University of Science & Technology
    Admission Test Result 2012-2013
A Unit Science - Waiting List
Exam Roll Position
10022 67
10051 450
10054 642
10058 56
10063 72
10071 300
10078 16
10095 2
10104 16
10105 572
10108 72
10126 300
10133 110
10152 427
10178 491
10187 72
10206 350
10208 217
10218 346
10227 599
10236 162
10255 635
10257 51
10258 251
10287 642
10288 400
10292 486
10303 516
10306 423
10308 440
10309 194
10323 26
10341 58
10347 41
10385 450
10387 217
10398 41
10400 491
10414 614
10417 514
10418 396
10426 539
10429 234
10449 141
Exam Roll Position
10457 215
10467 572
10468 181
10493 162
10520 94
10526 368
10538 194
10559 294
10560 408
10562 58
10563 523
10581 217
10589 491
10601 607
10643 94
10644 275
10654 432
10661 480
10695 232
10696 362
10699 160
10714 16
10716 123
10724 402
10730 505
10732 409
10736 256
10762 162
10763 429
10773 26
10774 642
10775 548
10776 2
10794 638
10811 275
10812 409
10813 589
10814 561
10815 572
10817 143
10824 642
10841 143
10842 256
10858 523
Exam Roll Position
10868 300
10876 181
10887 469
10891 523
10898 614
10902 506
10904 365
10909 490
10935 394
10952 432
10953 26
10967 194
10977 162
10981 373
10987 210
10989 450
10990 450
10992 106
10999 319
11018 541
11031 373
11032 143
11034 275
11038 450
11046 399
11058 123
11071 406
11077 275
11086 484
11091 26
11100 595
11106 275
11109 373
11117 162
11128 143
11132 472
11150 642
11155 210
11158 300
11160 572
11165 477
11168 614
11180 275
11197 319
Exam Roll Position
11200 480
11203 523
11217 91
11244 572
11251 523
11253 543
11254 568
11255 572
11257 94
11262 252
11277 523
11289 474
11292 2
11295 162
11323 423
11325 217
11342 642
11350 450
11352 599
11368 510
11369 548
11371 614
11382 370
11385 406
11389 143
11395 589
11405 299
11419 548
11425 181
11433 194
11452 523
11480 568
11482 614
11491 300
11504 364
11510 319
11518 292
11525 230
11529 26
11532 72
11536 256
11552 119
11562 192
11563 350
1 of 4
    
Shahjalal University of Science & Technology
    Admission Test Result 2012-2013
A Unit Science - Waiting List
Exam Roll Position
11564 361
11568 1
11572 567
11588 572
11591 2
11598 181
11600 491
11603 109
11607 248
11650 362
11667 599
11684 631
11687 181
11688 67
11710 638
11711 491
11713 72
11715 430
11719 108
11735 603
11744 589
11745 52
11747 367
11757 491
11760 256
11780 194
11781 642
11785 633
11791 373
11797 72
11800 2
11802 139
11808 293
11811 26
11815 16
11824 275
11829 158
11858 509
11860 471
11871 300
11872 589
11873 350
11881 548
11889 488
Exam Roll Position
11891 448
11892 491
11899 614
11905 214
11906 642
11909 240
11910 272
11924 123
11936 275
11944 523
11960 26
11971 373
11977 110
11990 143
12002 572
12014 26
12015 249
12048 58
12050 604
12053 194
12054 319
12055 642
12057 94
12058 256
12079 319
12084 217
12086 72
12104 589
12113 161
12117 72
12126 513
12129 92
12136 521
12151 633
12156 119
12157 58
12171 599
12186 256
12187 589
12188 123
12192 642
12197 90
12210 41
12219 194
Exam Roll Position
12220 274
12221 511
12231 315
12235 566
12240 491
12243 72
12262 642
12265 25
12279 72
12283 642
12294 41
12296 373
12299 110
12301 194
12305 256
12317 141
12337 72
12341 548
12342 548
12344 572
12346 271
12350 71
12353 572
12357 548
12361 565
12372 561
12378 491
12383 123
12399 162
12404 240
12409 588
12414 372
12416 572
12430 636
12444 450
12447 72
12450 409
12455 275
12467 232
12471 523
12481 300
12484 561
12491 275
12508 396
Exam Roll Position
12522 346
12542 638
12550 240
12558 181
12560 338
12574 482
12580 605
12586 319
12602 523
12605 450
12610 157
12628 41
12630 432
12632 610
12635 614
12639 72
12644 2
12645 194
12647 319
12648 517
12649 612
12667 180
12677 194
12685 572
12700 540
12709 538
12710 523
12712 194
12714 535
12716 123
12733 256
12745 611
12746 523
12759 626
12764 217
12772 626
12778 41
12781 194
12802 546
12808 140
12814 450
12823 213
12824 298
12833 107
2 of 4
    
Shahjalal University of Science & Technology
    Admission Test Result 2012-2013
A Unit Science - Waiting List
Exam Roll Position
12836 340
12843 300
12849 72
12853 476
12862 536
12867 409
12877 506
12891 123
12893 409
12899 319
12912 373
12914 486
12922 314
12923 337
12926 256
12949 162
12951 609
12956 430
12962 319
12975 642
13000 630
13005 409
13035 605
13043 319
13053 275
13059 318
13067 371
13076 217
13097 373
13107 275
13114 626
13117 409
13118 398
13119 548
13135 572
13148 217
13168 295
13174 642
13198 642
13244 2
13264 402
13282 179
13293 614
13299 350
Exam Roll Position
13310 349
13332 409
13342 319
13343 234
13345 94
13356 373
13365 409
13378 518
13379 123
13385 506
13396 373
13422 256
13428 217
13431 58
13432 143
13447 597
13450 256
13461 373
13480 313
13490 450
13496 56
13503 94
13505 547
13506 514
13508 240
13522 275
13540 26
13544 177
13571 642
13575 319
13577 193
13578 438
13596 67
13600 70
13617 2
13621 255
13646 300
13650 162
13670 319
13672 65
13674 54
13679 55
13712 2
13713 240
Exam Roll Position
13729 319
13771 194
13773 300
13792 26
13811 482
13814 300
13827 373
13829 642
13831 350
13833 2
13851 491
13862 26
13871 239
13877 105
13879 450
13884 159
13889 143
13901 642
13911 217
13915 432
13924 72
13951 143
13957 319
13983 373
13992 642
14006 572
14009 41
14048 450
14061 636
14062 441
14103 231
14115 614
14117 176
14119 373
14146 642
14151 432
14159 373
14170 275
14176 511
14187 469
14193 491
14194 217
14203 275
14206 339
Exam Roll Position
14210 123
14216 295
14219 360
14224 256
14242 572
14243 249
14244 522
14263 613
14265 409
14330 117
14338 409
14339 560
14359 162
14371 369
14385 485
14400 41
14412 94
14415 72
14421 405
14443 450
14462 143
14464 300
14478 447
14493 14
14502 93
14510 104
14514 345
14515 548
14537 123
14539 162
14545 366
14568 240
14575 194
14576 409
14581 178
14587 373
14603 94
14606 319
14625 443
14632 121
14639 110
14650 343
14651 491
14655 41
3 of 4
    
Shahjalal University of Science & Technology
    Admission Test Result 2012-2013
A Unit Science - Waiting List
Exam Roll Position
14657 319
14686 446
14691 350
14699 52
14700 548
14703 632
14711 72
14714 642
14717 373
14723 188
14740 40
14746 189
14747 570
14753 426
14754 123
14759 16
14770 395
14772 58
14783 572
14784 350
14800 439
14803 162
14809 317
14832 103
14863 536
14872 344
14879 137
14893 16
14907 614
14932 350
14933 450
14939 626
14981 625
14982 300
14986 16
15000 571
15039 240
15049 548
15062 642
15072 94
15073 15
15076 26
15078 491
15080 156
Exam Roll Position
15081 254
15084 252
15098 450
15102 26
15117 373
15128 237
15133 548
15137 544
15144 58
15170 256
15171 143
15173 442
15197 472
15200 191
15201 65
15214 217
15231 143
15233 432
15235 346
15245 477
15249 409
15254 443
15257 598
15259 373
15267 450
15268 122
15270 123
15271 123
15272 162
15275 275
15279 428
15286 215
15287 350
15301 342
15303 123
15306 450
15309 488
15318 402
15327 16
15329 256
15340 596
15343 373
15346 256
15351 520
Exam Roll Position
15367 642
15377 137
15381 315
15387 341
15393 373
15396 240
15398 297
15399 409
15406 234
15426 504
15431 477
15446 72
15448 450
15457 110
15470 614
15476 41
15481 319
15484 564
15488 194
15502 181
15510 638
15512 475
15513 143
15528 545
15542 175
15556 275
15587 642
15591 190
15594 110
15599 273
15622 2
15624 118
15627 518
15631 2
15645 26
15654 237
15677 209
15697 350
15700 16
15710 448
15718 450
15719 642
15735 217
15738 443
Exam Roll Position
15750 423
15759 110
15766 642
15782 542
15790 607
15791 210
15795 400
4 of 4
