    
Shahjalal University of Science & Technology
    Admission Test Result 2012-2013
Architecture - Merit List
Exam Roll Position
50023 6
50207 29
50319 10
50454 1
50553 9
50664 24
50892 5
50980 3
51064 18
51090 11
51181 20
51195 15
51206 19
51221 13
51330 29
51336 2
51356 17
51471 27
51474 24
51699 16
51709 22
51815 6
51848 12
52093 4
52205 21
52343 6
52610 26
52615 27
53055 23
53713 13
1 of 1
    
Shahjalal University of Science & Technology
    Admission Test Result 2012-2013
Architecture - Waiting List
Exam Roll Position
50025 38
50125 70
50129 36
50131 27
50173 22
50223 32
50263 83
50277 28
50282 47
50294 6
50355 30
50451 53
50467 26
50469 76
50494 50
50515 24
50518 3
50535 42
50557 6
50568 2
50592 88
50616 54
50635 61
50641 65
50661 33
50797 71
50821 63
50824 12
50828 68
50843 68
50928 63
51114 50
51115 35
51133 82
51149 83
51226 61
51239 45
51320 34
51382 44
51450 66
51499 25
51502 60
51512 9
51531 54
Exam Roll Position
51545 3
51554 80
51643 39
51711 15
51712 54
51725 73
51801 41
51837 9
51852 83
51858 43
52013 73
52085 28
52131 15
52262 48
52303 21
52307 83
52404 88
52611 17
52788 71
52845 77
52928 40
52938 90
52955 31
52992 17
53054 75
53089 81
53124 13
53242 46
53492 17
53512 52
53559 59
53691 54
53702 77
53729 79
53762 14
53793 17
53800 1
53840 83
53872 5
53918 9
53957 23
53963 37
53973 66
54036 48
Exam Roll Position
54114 58
54193 6
1 of 1
